% time     seconds  usecs/call     calls    errors syscall
------ ----------- ----------- --------- --------- ----------------
 36.34    0.970054           0   2200187           read
 31.84    0.849916           8    100051           fsync
 31.45    0.839670           0   1525191           write
  0.18    0.004740           0     12602           lseek
  0.07    0.001899          11       160           mmap
  0.04    0.001006           5       177        16 openat
  0.02    0.000622          62        10           unlinkat
  0.02    0.000584           3       184           pread64
  0.02    0.000504          84         6           ftruncate
  0.01    0.000264           2       122         5 newfstatat
  0.01    0.000144           0       164           close
  0.00    0.000060           6        10         2 faccessat
  0.00    0.000059           0       183           fstat
  0.00    0.000053           0        72        69 readlinkat
  0.00    0.000051          51         1           execve
  0.00    0.000044           0        59           statx
  0.00    0.000011           1         8           renameat
  0.00    0.000009           1         6           getdents64
  0.00    0.000001           0         2           getcwd
  0.00    0.000001           1         1           flock
  0.00    0.000001           0         3         2 mkdirat
  0.00    0.000001           1         1           statfs
  0.00    0.000001           0         4           fchdir
  0.00    0.000000           0         1           dup
  0.00    0.000000           0         6           fcntl
  0.00    0.000000           0         3         3 ioctl
------ ----------- ----------- --------- --------- ----------------
100.00    2.669695           0   3839214        97 total
