% time     seconds  usecs/call     calls    errors syscall
------ ----------- ----------- --------- --------- ----------------
 40.57    1.149081           0   2578412           read
 29.72    0.841949           0   1525206           write
 28.96    0.820262           8    100051           fsync
  0.20    0.005731         168        34           unlinkat
  0.20    0.005620           0     14602           lseek
  0.15    0.004174           1      2178        16 openat
  0.05    0.001303           0      2166           close
  0.04    0.001068           8       126         5 newfstatat
  0.03    0.000978           0      2184           fstat
  0.03    0.000775           4       162           mmap
  0.02    0.000437           6        72        69 readlinkat
  0.01    0.000408           2       189           pread64
  0.01    0.000309           2       107           statx
  0.01    0.000276          46         6           ftruncate
  0.00    0.000106          35         3         2 mkdirat
  0.00    0.000098          12         8           renameat
  0.00    0.000044           5         8           getdents64
  0.00    0.000007           7         1           flock
  0.00    0.000006           0        10         1 faccessat
  0.00    0.000004           1         4           fchdir
  0.00    0.000002           0         8           fcntl
  0.00    0.000000           0         2           getcwd
  0.00    0.000000           0         2           dup
  0.00    0.000000           0         3         3 ioctl
  0.00    0.000000           0         1           statfs
  0.00    0.000000           0         1           execve
------ ----------- ----------- --------- --------- ----------------
100.00    2.832638           0   4225546        96 total
