% time     seconds  usecs/call     calls    errors syscall
------ ----------- ----------- --------- --------- ----------------
 36.50    0.957008           0   2207294           read
 31.68    0.830472           0   1525206           write
 31.16    0.816966           8    100051           fsync
  0.18    0.004756           0     12633           lseek
  0.14    0.003739          23       162           mmap
  0.12    0.003093          14       209        16 openat
  0.08    0.002017          59        34           unlinkat
  0.03    0.000850           6       126         5 newfstatat
  0.03    0.000722           3       189           pread64
  0.02    0.000591          98         6           ftruncate
  0.01    0.000331           1       197           close
  0.01    0.000327           1       215           fstat
  0.01    0.000304         101         3         2 mkdirat
  0.01    0.000278           2       107           statx
  0.00    0.000073           9         8           renameat
  0.00    0.000056           0        72        69 readlinkat
  0.00    0.000043           5         8           getdents64
  0.00    0.000023           7         3         3 ioctl
  0.00    0.000008           8         1           flock
  0.00    0.000003           3         1           statfs
  0.00    0.000003           0         4           fchdir
  0.00    0.000002           0         8           fcntl
  0.00    0.000001           0         2           getcwd
  0.00    0.000000           0         2           dup
  0.00    0.000000           0        10         1 faccessat
  0.00    0.000000           0         1           execve
------ ----------- ----------- --------- --------- ----------------
100.00    2.621666           0   3846552        96 total
