% time     seconds  usecs/call     calls    errors syscall
------ ----------- ----------- --------- --------- ----------------
 71.71    5.276814           0  10610085           read
 12.99    0.956014           0   1525206           write
 12.11    0.891206           8    100051           fsync
  2.59    0.190441           0    435362           lseek
  0.29    0.021001           4      4202        16 openat
  0.10    0.007143           1      4190           close
  0.06    0.004399         733         6           ftruncate
  0.05    0.003860          23       162           mmap
  0.05    0.003773           0      4208           fstat
  0.03    0.002070          16       126         5 newfstatat
  0.01    0.001098           5       189           pread64
  0.00    0.000260          86         3         2 mkdirat
  0.00    0.000128           3        34           unlinkat
  0.00    0.000100          10        10         1 faccessat
  0.00    0.000021           2         8           renameat
  0.00    0.000008           0       107           statx
  0.00    0.000003           0        72        69 readlinkat
  0.00    0.000001           0         2           dup
  0.00    0.000001           0         8           fcntl
  0.00    0.000000           0         2           getcwd
  0.00    0.000000           0         3         3 ioctl
  0.00    0.000000           0         1           flock
  0.00    0.000000           0         1           statfs
  0.00    0.000000           0         4           fchdir
  0.00    0.000000           0         8           getdents64
  0.00    0.000000           0         1           execve
------ ----------- ----------- --------- --------- ----------------
100.00    7.358341           0  12684051        96 total
