% time     seconds  usecs/call     calls    errors syscall
------ ----------- ----------- --------- --------- ----------------
 86.15    0.656942           6    100008           fdatasync
 13.59    0.103644           1    100042           write
  0.07    0.000544           0      1433           pread64
  0.07    0.000530          44        12         1 unlinkat
  0.07    0.000504           8        58           openat
  0.02    0.000168           1        85           mmap
  0.01    0.000060          20         3           fallocate
  0.00    0.000032           4         7           fsync
  0.00    0.000026           0        58           close
  0.00    0.000021           1        20           getdents64
  0.00    0.000017           4         4           renameat
  0.00    0.000014           0        34           read
  0.00    0.000013           0        47         3 fcntl
  0.00    0.000013           4         3           ftruncate
  0.00    0.000012           0        15           newfstatat
  0.00    0.000012           0        35           fstat
  0.00    0.000005           0        14           fstatfs
  0.00    0.000003           0        10           sync_file_range
  0.00    0.000002           0         5         4 mkdirat
  0.00    0.000002           0         5         4 faccessat
  0.00    0.000001           1         1           lseek
  0.00    0.000001           1         1           readahead
  0.00    0.000001           1         1           fadvise64
  0.00    0.000000           0        13        12 readlinkat
  0.00    0.000000           0         1           execve
------ ----------- ----------- --------- --------- ----------------
100.00    0.762567           3    201915        24 total
