% time     seconds  usecs/call     calls    errors syscall
------ ----------- ----------- --------- --------- ----------------
 84.37    0.687964           6    100008           fdatasync
 15.25    0.124357           1    100042           write
  0.13    0.001031          17        58         1 openat
  0.12    0.000955          73        13        12 readlinkat
  0.05    0.000394         197         2           unlinkat
  0.04    0.000291           3        85           mmap
  0.01    0.000058           1        57           close
  0.01    0.000051          17         3           fallocate
  0.01    0.000042          10         4           renameat
  0.00    0.000034           1        34           read
  0.00    0.000031           2        15           newfstatat
  0.00    0.000030           0        45         3 fcntl
  0.00    0.000027           3         7           fsync
  0.00    0.000026           1        18           getdents64
  0.00    0.000024           4         5         4 faccessat
  0.00    0.000020           6         3           ftruncate
  0.00    0.000017           3         5           pread64
  0.00    0.000008           0        10           sync_file_range
  0.00    0.000007           0        14           fstatfs
  0.00    0.000006           0        34           fstat
  0.00    0.000005           5         1           fadvise64
  0.00    0.000003           0         5         4 mkdirat
  0.00    0.000001           1         1           readahead
  0.00    0.000000           0         1         1 ioctl
  0.00    0.000000           0         1           lseek
  0.00    0.000000           0         1           execve
------ ----------- ----------- --------- --------- ----------------
100.00    0.815382           4    200472        25 total
