% time     seconds  usecs/call     calls    errors syscall
------ ----------- ----------- --------- --------- ----------------
 85.66    0.682291           6    100008           fdatasync
 14.08    0.112122           1    100042           write
  0.18    0.001412         117        12         1 unlinkat
  0.02    0.000160           2        58           openat
  0.01    0.000114           4        26           pread64
  0.01    0.000104           1        85           mmap
  0.01    0.000099          19         5         4 mkdirat
  0.01    0.000071           3        20           getdents64
  0.00    0.000034           0        58           close
  0.00    0.000028           1        15           newfstatat
  0.00    0.000020           6         3           ftruncate
  0.00    0.000020           0        34           read
  0.00    0.000018           6         3           fallocate
  0.00    0.000016           2         7           fsync
  0.00    0.000010           0        35           fstat
  0.00    0.000009           0        47         3 fcntl
  0.00    0.000005           1         5         4 faccessat
  0.00    0.000005           0        13        12 readlinkat
  0.00    0.000005           5         1           fadvise64
  0.00    0.000004           1         4           renameat
  0.00    0.000003           0        14           fstatfs
  0.00    0.000003           3         1           readahead
  0.00    0.000001           1         1           lseek
  0.00    0.000001           0        10           sync_file_range
  0.00    0.000000           0         1           execve
------ ----------- ----------- --------- --------- ----------------
100.00    0.796555           3    200508        24 total
