% time     seconds  usecs/call     calls    errors syscall
------ ----------- ----------- --------- --------- ----------------
 84.66    0.737702           7    100008           fdatasync
 14.70    0.128081           1    100042           write
  0.40    0.003465        3465         1           execve
  0.05    0.000473           5        85           mmap
  0.04    0.000370           0      2660           pread64
  0.04    0.000328           5        58           openat
  0.02    0.000200          16        12         1 unlinkat
  0.02    0.000175          58         3           fallocate
  0.01    0.000078           5        15           newfstatat
  0.01    0.000073           0      2001           readahead
  0.01    0.000069           9         7           fsync
  0.01    0.000066           1        34           read
  0.01    0.000062           1        58           close
  0.01    0.000048           1        35           fstat
  0.00    0.000043           8         5         4 mkdirat
  0.00    0.000038           9         4           renameat
  0.00    0.000028           1        20           getdents64
  0.00    0.000022           0        47         3 fcntl
  0.00    0.000009           0        14           fstatfs
  0.00    0.000009           1         5         4 faccessat
  0.00    0.000002           0        10           sync_file_range
  0.00    0.000001           1         1           fadvise64
  0.00    0.000000           0         3           ftruncate
  0.00    0.000000           0         1           lseek
  0.00    0.000000           0        13        12 readlinkat
------ ----------- ----------- --------- --------- ----------------
100.00    0.871342           4    205142        24 total
